20
901,888
630,868
453,849
614,425
396,562
334,609
990,992
956,964
415,455
400,659
803,820
441,287
158,494
786,674
344,160
513,84
236,186
735,123
372,351
255,65
184,632
950,373
588,138
481,564
321,418
283,838
87,934
497,846
83,549
25,979
83,388
30,165
602,836
216,145
331,225
165,972
350,928
904,592
782,650
689,906
804,375
554,54
771,788
610,4
962,689
225,595
579,223
238,669
145,41
11,223
759,327
187,937
857,661
266,482
824,665
316,747
102,928
324,364
550,503
919,519
811,625
342,292
472,833
998,409
342,395
994,405
610,89
100,110
366,273
875,651
727,534
680,92
774,749
863,216
981,683
118,563
767,379
601,56
157,19
571,717
65,552
656,672
925,399
157,996
633,378
569,850
364,650
353,600
594,8
556,856
312,658
239,949
589,872
795,397
237,561
272,25
498,545
790,369
431,18
267,511
566,989
431,857
776,493
571,527
797,463
362,748
64,285
582,807
846,463
876,866
849,651
253,146
666,224
912,802
949,638
541,567
117,152
535,593
197,637
745,807
155,99
496,557
685,187
905,781
506,567
298,16
893,794
566,905
149,323
208,700
691,537
481,838
89,981
650,166
81,695
530,213
936,642
662,852
617,307
997,484
730,709
235,139
773,238
652,276
844,72
22,92
653,482
661,556
613,556
172,828
56,226
190,268
995,270
347,585
401,281
151,263
634,830
563,219
75,689
551,182
132,731
507,3
466,496
416,200
576,24
289,735
794,506
282,907
623,697
125,269
67,929
646,146
329,838
151,181
50,515
656,230
633,827
404,269
891,569
62,513
332,129
690,376
518,959
349,419
602,621
959,114
478,607
817,781
137,475
496,268
843,511
146,769
632,722
803,167
569,788
604,654
581,835
630,811
474,909
788,422
134,836
685,417
384,504
409,663
553,597
682,679
988,603
324,177
565,182
715,444
502,692
70,92
180,625
904,663
753,407
329,749
741,129
661,186
130,459
386,711
841,190
484,344
510,508
360,166
402,876
745,755
735,49
279,623
93,312
891,658
223,780
899,409
878,387
476,866
641,623
807,314
215,620
564,277
493,263
555,951
612,985
371,745
4,969
225,596
667,585
558,418
129,299
679,688
643,38
252,290
621,17
111,746
862,389
47,521
163,893
762,321
252,314
159,577
555,690
860,605
857,509
324,453
594,500
63,184
783,9
691,969
870,502
463,44
552,292
913,80
787,730
755,231
413,117
990,703
85,903
332,685
467,908
658,661
82,869
861,903
559,559
161,320
53,55
986,382
581,842
554,173
108,731
44,33
373,934
180,13
878,615
747,771
219,655
198,716
561,166
853,521
207,779
832,14
513,826
152,171
569,306
398,70
652,278
485,585
942,75
20,319
125,396
733,720
282,694
15,153
198,896
170,319
669,412
153,238
57,279
423,327
909,64
707,969
645,595
432,975
297,360
611,627
898,10
833,959
59,98
13,976
984,204
780,60
130,776
500,413
220,958
262,556
859,537
129,104
921,269
375,942
604,967
860,560
969,167
261,231
795,782
65,904
425,312
639,683
484,463
640,690
279,962
247,242
321,997
399,430
996,313
370,572
56,645
836,868
42,451
755,577
906,528
507,788
364,746
365,768
508,343
657,544
432,829
272,529
627,867
961,24
496,983
617,893
375,953
332,656
239,577
973,623
64,879
247,282
867,365
307,17
953,654
87,448
883,831
241,272
39,264
28,87
554,365
477,817
963,453
863,741
613,132
394,481
783,735
728,234
847,268
252,367
48,522
124,599
126,1
265,272
896,747
378,839
763,997
610,270
523,775
829,793
168,450
74,860
276,775
180,590
788,509
917,521
242,988
361,533
735,269
457,450
186,776
265,65
526,749
287,290
187,575
395,825
355,715
270,859
893,367
196,705
701,650
569,11
666,134
368,145
683,40
883,136
689,361
573,941
624,260
5,603
778,908
965,156
785,653
582,819
119,112
182,304
591,357
944,782
813,224
188,346
281,767
110,841
187,372
747,63
681,608
140,41
373,296
738,245
195,945
631,574
4,846
489,317
588,748
789,1
305,261
643,461
916,489
48,363
52,526
291,553
510,153
85,847
290,383
955,403
34,728
666,630
921,566
650,430
154,826
640,210
826,276
880,230
434,844
522,465
737,527
843,527
964,815
156,224
496,375
323,887
191,693
630,699
312,533
636,32
346,848
106,318
264,801
903,170
264,993
568,866
930,920
346,886
111,166
698,461
969,375
162,229
874,417
571,766
646,260
14,652
66,341
22,253
988,87
984,453
612,78
704,30
945,846
828,132
105,982
638,581
738,534
197,733
477,530
501,976
283,878
577,936
38,904
978,682
807,688
592,45
518,147
559,703
729,311
12,428
726,286
815,177
133,352
371,331
605,644
912,997
519,825
95,559
407,201
152,901
199,964
661,619
167,615
647,756
835,332
942,172
550,457
196,578
798,259
699,759
214,958
471,877
961,349
646,672
858,82
749,193
393,661
944,383
364,433
424,900
951,222
15,310
184,311
341,374
381,649
562,851
601,815
882,903
515,703
401,772
939,31
126,567
94,219
100,798
288,579
659,289
885,231
1,18
108,42
565,266
789,766
618,45
959,812
852,15
352,496
590,643
137,652
268,372
492,679
465,894
418,366
791,102
696,293
449,312
349,19
133,465
185,108
685,83
69,295
426,626
232,577
295,938
921,569
712,870
498,427
751,93
412,948
269,226
305,910
16,352
593,482
254,349
785,473
970,820
281,996
193,15
116,437
5,951
942,609
166,895
229,859
770,354
461,203
178,517
792,787
398,609
7,791
456,410
812,794
413,365
174,422
90,256
527,87
451,912
855,819
367,511
428,335
424,58
183,98
892,728
113,325
72,638
726,481
179,885
236,618
499,882
940,897
1,652
259,291
583,166
80,406
694,438
53,429
292,125
259,404
257,201
553,37
775,87
655,847
836,768
676,961
425,751
65,167
29,806
717,207
367,815
468,740
73,654
722,901
808,620
600,842
979,950
830,880
646,475
169,529
354,72
750,364
987,880
762,36
771,879
440,932
456,560
373,168
180,728
957,106
198,675
828,481
569,703
861,15
846,132
721,558
789,364
28,333
923,596
69,313
841,176
628,693
783,673
431,447
940,266
898,533
254,539
927,233
519,823
724,242
945,856
600,640
71,111
810,225
527,156
813,412
420,423
636,831
573,413
222,466
818,622
34,218
492,5
512,374
319,13
622,522
470,467
175,95
475,877
802,162
37,670
744,979
683,292
716,743
974,174
893,266
72,60
42,104
140,322
253,480
289,663
149,189
497,582
374,631
761,632
308,490
742,945
